Time: 
0.000
0.010
0.020
0.030
0.039
0.049
0.059
0.068
0.078
0.087
0.096
0.105
0.115
0.124
0.133
0.142
0.151
0.160
0.168
0.177
0.186
0.195
0.203
0.212
0.221
0.229
0.238
0.246
0.255
0.263
0.272
0.280
0.289
0.297
0.305
0.314
0.322
0.330
0.339
0.347
0.355
0.363
0.371
0.380
0.388
0.396
0.404
0.412
0.420
0.428
0.436
0.444
0.452
0.460
0.468
0.476
0.484
0.492
0.500
0.508
0.516
0.524
0.532
0.540
0.548
0.556
0.563
0.571
0.579
0.587
0.595
0.603
0.610
0.618
0.626
0.634
0.642
0.649
0.657
0.665
0.673
0.680
0.688
0.696
0.704
0.711
0.719
0.727
0.735
0.742
0.750
0.758
0.765
0.773
0.781
0.788
0.796
0.804
0.811
0.819
0.827
0.834
0.842
0.850
0.857
0.865
0.873
0.880
0.888
0.896
0.903
0.911
0.918
0.926
0.934
0.941
0.949
0.956
0.964
0.972
0.979
0.987
0.994
1.002
1.010
1.017
1.025
1.032
1.040
1.048
1.055
1.063
1.070
1.078
1.085
1.093
1.101
1.108
1.116
1.123
1.131
1.138
1.146
1.153
1.161
1.169
1.176
1.184
1.191
1.199
1.206
1.214
1.221
1.229
1.237
1.244
1.252
1.259
1.267
1.274
1.282
1.289
1.297
1.304
1.312
1.319
1.327
1.335
1.342
1.350
1.357
1.365
1.372
1.380
1.387
1.395
1.402
1.410
1.417
1.425
1.432
1.440
1.448
1.455
1.463
1.470
1.478
1.485
1.493
1.500
1.508
1.515
1.523
1.530
1.538
1.545
1.553
1.560
1.568
1.575
1.583
1.590
1.598
1.605
1.613
1.620
1.628
1.635
1.643
1.650
1.658
1.665
1.673
1.680
1.688
1.695
1.703
1.710
1.718
1.726
1.733
1.741
1.748
1.756
1.763
1.771
1.778
1.786
1.793
1.801
1.808
1.816
1.823
1.831
1.838
1.846
1.853
1.861
1.868
1.876
1.883
1.891
1.898
1.906
1.913
1.921
1.928
1.936
1.943
1.951
1.958
1.966
1.973
1.981
1.988
1.996
2.003
2.011
2.018
2.026
2.033
2.041
2.048
2.056
2.063
2.071
2.078
2.086
2.093
2.101
2.108
2.116
2.123
2.131
2.138
2.146
2.153
2.161
2.168
2.176
2.183
2.191
2.198
2.206
2.213
2.221
2.228
2.236
2.243
2.251
2.258
2.266
2.273
2.281
2.288
2.296
2.303
2.311
2.318
2.326
2.333
2.341
2.348
2.356
2.363
2.371
2.378
2.386
2.393
2.401
2.408
2.416
2.423
2.431
2.438
2.446
2.453
2.461
2.468
2.476
2.483
2.491
2.498
2.506
2.513
2.521
2.528
2.536
2.543
2.551
2.558
2.566
2.573
2.581
2.588
2.596
2.603
2.611
2.618
2.626
2.633
2.641
2.648
2.656
2.663
2.671
2.678
2.686
2.693
2.701
2.708
2.716
2.723
2.731
2.738
2.746
2.753
2.761
2.768
2.776
2.783
2.791
2.798
2.806
2.813
2.820
2.828
2.835
2.843
2.850
2.858
2.865
2.873
2.880
2.888
2.895
2.903
2.910
2.918
2.925
2.933
2.940
2.948
2.955
2.963
2.970
2.978
2.985
2.993
3.000
3.008
3.015
3.023
3.030
3.038
3.045
3.053
3.060
3.068
3.075
3.083
3.090
3.098
3.105
3.113
3.120
3.128
3.135
3.143
3.150
3.158
3.165
3.173
3.180
3.188
3.195
3.203
3.210
3.218
3.225
3.233
3.240
3.248
3.255
3.263
3.271
3.278
3.286
3.293
3.301
3.308
3.316
3.323
3.331
3.338
3.346
3.353
3.361
3.368
3.376
3.383
3.391
3.398
3.406
3.413
3.421
3.428
3.436
3.443
3.451
3.458
3.466
3.473
3.481
3.488
3.496
3.503
3.511
3.518
3.526
3.533
3.541
3.548
3.556
3.563
3.571
3.578
3.586
3.593
3.601
3.608
3.616
3.623
3.631
3.638
3.646
3.653
3.661
3.668
3.676
3.683
3.691
3.698
3.706
3.713
3.721
3.728
3.736
3.743
3.751
3.758
3.766
3.773
3.781
3.788
3.796
3.803
3.811
3.818
3.826
3.833
3.841
3.848
3.856
3.863
3.871
3.878
3.886
3.893
3.901
3.908
3.916
3.923
3.931
3.938
3.946
3.953
3.961
3.968
3.976
3.983
3.991
3.998
4.006
4.013
4.021
4.028
4.036
4.043
4.051
4.058
4.066
4.073
4.081
4.088
4.096
4.103
4.110
4.118
4.125
4.133
4.140
4.148
4.155
4.163
4.170
4.178
4.185
4.193
4.200
4.208
4.215
4.223
4.230
4.238
4.245
4.253
4.260
4.268
4.275
4.283
4.290
4.298
4.305
4.313
4.320
4.328
4.335
4.343
4.350
4.358
4.365
4.373
4.380
4.388
4.395
4.403
4.410
4.418
4.425
4.433
4.440
4.448
4.455
4.463
4.470
4.478
4.485
4.493
4.500
4.508
4.515
4.523
4.530
4.538
4.545
4.553
4.560
4.568
4.575
4.583
4.590
4.598
4.605
4.613
4.620
4.628
4.635
4.643
4.650
4.658
4.665
4.673
4.680
4.688
4.695
4.703
4.710
4.718
4.725
4.733
4.740
4.748
4.755
4.763
4.770
4.778
4.785
4.793
4.800
4.808
4.815
4.823
4.830
4.838
4.845
4.853
4.860
4.868
4.875
4.883
4.890
4.898
4.905
4.913
4.920
4.928
4.935
4.943
4.950
4.958
4.965
4.973
4.980
4.988
4.995
5.003
5.010
5.018
5.025
5.033
5.040
5.048
5.055
5.063
5.070
5.078
5.085
5.093
5.100
5.108
5.115
5.123
5.130
5.138
5.145
5.153
5.160
5.168
5.175
5.183
5.190
5.198
5.205
5.213
5.220
5.228
5.235
5.243
5.250
5.258
5.265
5.273
5.280
5.288
5.295
5.303
5.310
5.318
5.325
5.333
5.340
5.348
5.355
5.363
5.370
5.378
5.385
5.393
5.400
5.408
5.415
5.423
5.430
5.438
5.445
5.453
5.460
5.468
5.475
5.483
5.490
5.498
5.505
5.513
5.520
5.528
5.535
5.543
5.550
5.558
5.565
5.573
5.580
5.588
5.595
5.603
5.610
5.618
5.625
5.633
5.640
5.648
5.655
5.663
5.670
5.678
5.685
5.693
5.700
5.708
5.715
5.723
5.730
5.738
5.745
5.753
5.760
5.768
5.775
5.783
5.790
5.798
5.805
5.813
5.820
5.828
5.835
5.843
5.850
5.858
5.865
5.873
5.880
5.888
5.895
5.903
5.910
5.918
5.925
5.933
5.940
5.948
5.955
5.963
5.970
5.978
5.985
5.993
6.000
6.008
6.016
6.023
6.031
6.038
6.046
6.053
6.061
6.068
6.076
6.083
6.091
6.098
6.106
6.113
6.121
6.128
6.136
6.143
6.151
6.158
6.166
6.173
6.181
6.188
6.196
6.203
6.211
6.218
6.226
6.233
6.241
6.248
6.256
6.263
6.271
6.278
6.286
6.293
6.301
6.308
6.316
6.323
6.331
6.338
6.346
6.353
6.361
6.368
6.376
6.383
6.391
6.398
6.406
6.413
6.421
6.428
6.436
6.443
6.451
6.458
6.466
6.473
6.481
6.488
6.496
6.503
6.511
6.518
6.526
6.533
6.541
6.548
6.556
6.563
6.571
6.578
6.586
6.593
6.601
6.608
6.616
6.623
6.631
6.638
6.646
6.653
6.661
6.668
6.676
6.683
6.691
6.698
6.706
6.713
6.721
6.728
6.736
6.743
6.751
6.758
6.766
6.773
6.781
6.788
6.796
6.803
6.811
6.818
6.826
6.833
6.841
6.848
6.856
6.863
6.871
6.878
6.886
6.893
6.901
6.908
6.916
6.923
6.931
6.938
6.946
6.953
6.961
6.968
6.976
6.983
6.991
6.998
7.006
7.013
7.021
7.028
7.036
7.043
7.051
7.058
7.066
7.073
7.081
7.088
7.096
7.103
7.111
7.118
7.126
7.133
7.141
7.148
7.156
7.163
7.171
7.178
7.186
7.193
7.201
7.208
7.216
7.223
7.231
7.238
7.246
7.253
7.261
7.268
7.276
7.283
7.291
7.298
7.306
7.313
7.321
7.328
7.336
7.343
7.351
7.358
7.366
7.373
7.381
7.388
7.396
7.403
7.411
7.418
7.426
7.433
7.441
7.448
7.456
7.463
7.471
7.478
7.486
7.493
7.501
7.508
7.516
7.523
7.531
7.538
7.546
7.553
7.561
7.568
7.576
Surface coverage: 
0.000
0.010
0.020
0.029
0.038
0.046
0.055
0.063
0.070
0.078
0.085
0.092
0.099
0.105
0.111
0.117
0.123
0.128
0.134
0.140
0.145
0.150
0.154
0.159
0.164
0.168
0.173
0.177
0.181
0.184
0.188
0.191
0.195
0.199
0.202
0.205
0.208
0.211
0.215
0.217
0.220
0.223
0.226
0.229
0.231
0.233
0.236
0.238
0.241
0.243
0.245
0.247
0.249
0.251
0.253
0.255
0.257
0.259
0.260
0.262
0.263
0.265
0.267
0.269
0.270
0.272
0.273
0.274
0.275
0.277
0.278
0.279
0.280
0.282
0.283
0.284
0.285
0.286
0.287
0.288
0.290
0.291
0.292
0.293
0.293
0.294
0.295
0.296
0.297
0.298
0.298
0.299
0.300
0.300
0.301
0.302
0.303
0.304
0.304
0.304
0.305
0.306
0.306
0.307
0.308
0.308
0.309
0.309
0.310
0.310
0.311
0.312
0.312
0.313
0.313
0.313
0.314
0.315
0.315
0.316
0.316
0.317
0.317
0.317
0.317
0.318
0.318
0.318
0.318
0.319
0.320
0.320
0.320
0.320
0.320
0.321
0.321
0.321
0.321
0.321
0.321
0.322
0.322
0.322
0.322
0.322
0.322
0.322
0.323
0.323
0.323
0.323
0.323
0.324
0.324
0.324
0.325
0.325
0.325
0.325
0.325
0.325
0.325
0.326
0.326
0.325
0.325
0.325
0.325
0.326
0.326
0.326
0.326
0.327
0.327
0.327
0.327
0.327
0.327
0.328
0.328
0.328
0.328
0.328
0.328
0.328
0.328
0.328
0.329
0.329
0.329
0.329
0.329
0.329
0.329
0.329
0.329
0.329
0.329
0.329
0.329
0.329
0.329
0.330
0.330
0.330
0.330
0.330
0.330
0.330
0.330
0.330
0.330
0.330
0.330
0.330
0.330
0.330
0.330
0.330
0.330
0.330
0.330
0.330
0.330
0.329
0.330
0.329
0.329
0.329
0.329
0.329
0.329
0.329
0.330
0.330
0.330
0.329
0.330
0.330
0.330
0.330
0.330
0.330
0.330
0.330
0.329
0.329
0.329
0.330
0.330
0.330
0.331
0.330
0.331
0.331
0.331
0.330
0.331
0.331
0.331
0.331
0.331
0.331
0.331
0.331
0.331
0.331
0.331
0.331
0.331
0.332
0.332
0.332
0.331
0.331
0.331
0.331
0.331
0.332
0.332
0.332
0.332
0.332
0.332
0.332
0.332
0.332
0.332
0.333
0.332
0.332
0.333
0.333
0.333
0.332
0.332
0.332
0.332
0.333
0.333
0.333
0.332
0.332
0.332
0.332
0.333
0.333
0.333
0.333
0.333
0.333
0.333
0.333
0.333
0.333
0.333
0.333
0.333
0.333
0.333
0.333
0.333
0.333
0.333
0.333
0.333
0.333
0.333
0.333
0.333
0.333
0.333
0.333
0.333
0.333
0.332
0.332
0.332
0.332
0.333
0.333
0.332
0.333
0.332
0.333
0.333
0.332
0.332
0.332
0.332
0.332
0.332
0.332
0.332
0.332
0.332
0.332
0.332
0.332
0.332
0.332
0.332
0.332
0.332
0.332
0.332
0.332
0.332
0.332
0.332
0.332
0.332
0.332
0.332
0.332
0.332
0.332
0.332
0.332
0.332
0.331
0.331
0.331
0.331
0.331
0.331
0.331
0.331
0.331
0.331
0.331
0.331
0.331
0.331
0.331
0.331
0.331
0.332
0.331
0.332
0.332
0.332
0.332
0.332
0.331
0.332
0.332
0.331
0.331
0.331
0.331
0.331
0.331
0.331
0.331
0.331
0.331
0.331
0.331
0.331
0.331
0.331
0.331
0.331
0.331
0.331
0.331
0.332
0.331
0.331
0.331
0.331
0.331
0.332
0.331
0.331
0.331
0.331
0.331
0.331
0.331
0.331
0.332
0.332
0.331
0.331
0.331
0.331
0.331
0.331
0.331
0.331
0.331
0.331
0.331
0.332
0.332
0.331
0.331
0.331
0.331
0.331
0.331
0.330
0.331
0.331
0.330
0.331
0.331
0.331
0.330
0.330
0.330
0.330
0.330
0.330
0.330
0.330
0.331
0.332
0.332
0.332
0.332
0.331
0.332
0.331
0.331
0.332
0.332
0.332
0.332
0.332
0.332
0.332
0.332
0.332
0.332
0.332
0.332
0.332
0.332
0.331
0.331
0.332
0.332
0.332
0.332
0.332
0.331
0.332
0.332
0.332
0.332
0.332
0.332
0.332
0.333
0.333
0.333
0.333
0.333
0.333
0.333
0.333
0.333
0.333
0.333
0.333
0.333
0.333
0.333
0.333
0.333
0.333
0.333
0.333
0.333
0.333
0.333
0.332
0.332
0.333
0.333
0.333
0.332
0.333
0.333
0.333
0.333
0.332
0.332
0.332
0.332
0.332
0.332
0.332
0.333
0.332
0.333
0.333
0.333
0.333
0.333
0.333
0.333
0.334
0.333
0.333
0.333
0.333
0.333
0.333
0.333
0.333
0.333
0.332
0.332
0.332
0.332
0.333
0.332
0.332
0.332
0.332
0.332
0.332
0.332
0.332
0.331
0.332
0.331
0.331
0.331
0.331
0.331
0.331
0.331
0.331
0.331
0.331
0.331
0.331
0.331
0.331
0.331
0.331
0.331
0.331
0.331
0.331
0.331
0.331
0.331
0.331
0.331
0.331
0.331
0.331
0.331
0.331
0.332
0.332
0.332
0.332
0.332
0.332
0.332
0.332
0.332
0.332
0.332
0.331
0.331
0.332
0.332
0.332
0.332
0.332
0.332
0.332
0.332
0.332
0.332
0.332
0.332
0.332
0.332
0.332
0.332
0.332
0.332
0.332
0.332
0.332
0.332
0.332
0.332
0.332
0.332
0.332
0.332
0.332
0.332
0.332
0.332
0.332
0.331
0.331
0.332
0.332
0.332
0.332
0.332
0.332
0.331
0.332
0.331
0.331
0.331
0.331
0.331
0.331
0.331
0.331
0.331
0.331
0.331
0.330
0.331
0.331
0.331
0.331
0.330
0.330
0.330
0.330
0.330
0.330
0.330
0.330
0.330
0.330
0.331
0.331
0.331
0.331
0.332
0.332
0.332
0.332
0.332
0.332
0.333
0.333
0.333
0.332
0.332
0.331
0.331
0.331
0.331
0.331
0.331
0.331
0.332
0.332
0.331
0.331
0.331
0.331
0.331
0.331
0.331
0.331
0.331
0.332
0.332
0.332
0.332
0.332
0.332
0.331
0.332
0.332
0.332
0.332
0.332
0.332
0.331
0.331
0.331
0.332
0.331
0.331
0.331
0.331
0.331
0.331
0.331
0.331
0.331
0.331
0.330
0.331
0.331
0.330
0.330
0.330
0.330
0.331
0.331
0.331
0.331
0.331
0.331
0.331
0.331
0.331
0.331
0.331
0.330
0.330
0.330
0.330
0.330
0.330
0.330
0.330
0.330
0.330
0.331
0.330
0.331
0.331
0.331
0.331
0.331
0.330
0.330
0.330
0.330
0.331
0.330
0.330
0.330
0.330
0.330
0.330
0.330
0.330
0.330
0.330
0.330
0.330
0.331
0.331
0.331
0.330
0.330
0.330
0.330
0.330
0.330
0.330
0.330
0.330
0.330
0.330
0.330
0.330
0.330
0.330
0.330
0.330
0.330
0.330
0.331
0.331
0.331
0.331
0.331
0.331
0.331
0.331
0.331
0.331
0.331
0.331
0.331
0.331
0.331
0.331
0.331
0.331
0.331
0.331
0.331
0.332
0.332
0.332
0.332
0.332
0.332
0.332
0.332
0.332
0.332
0.332
0.332
0.332
0.333
0.333
0.333
0.332
0.332
0.332
0.332
0.332
0.333
0.333
0.332
0.333
0.333
0.333
0.333
0.333
0.333
0.333
0.333
0.333
0.333
0.333
0.333
0.333
0.333
0.333
0.332
0.332
0.332
0.333
0.333
0.332
0.332
0.332
0.332
0.332
0.332
0.332
0.332
0.332
0.332
0.332
0.332
0.332
0.332
0.332
0.331
0.331
0.331
0.331
0.331
0.331
0.331
0.331
0.331
0.331
0.331
0.331
0.331
0.331
0.331
0.330
0.330
0.330
0.330
0.330
0.330
0.330
0.330
0.330
0.331
0.330
0.330
0.330
0.330
0.330
0.330
0.330
0.331
0.331
0.331
0.330
0.331
0.331
0.331
0.331
0.331
0.331
0.331
0.331
0.331
0.331
0.332
0.332
0.332
0.332
0.332
0.332
0.332
0.332
0.332
0.332
0.332
0.332
0.332
0.332
0.331
0.332
0.331
0.331
0.331
0.331
0.331
0.331
0.331
0.331
0.331
0.330
0.330
0.330
0.330
0.330
0.331
0.331
0.331
0.331
0.331
0.331
0.331
